[app/ui]
version = 6.5.0
modtime = 1472503308.020549000

[app/launcher]
version = 6.5.0
modtime = 1472503308.021295000

[views/event_flow_tracker]
owner = admin
version = 6.5.0
modtime = 1472504916.962151000

